100 -4251.82681667
101 -4225.68922751
102 -4220.18956436
103 -4223.86107053
104 -4208.07621913
105 -4212.46002829
10 -4210.65041750
11 -4221.13303303
12 -4238.62480151
13 -4242.10809150
14 -4217.64584343
15 -4290.74747838
16 -4278.67982086
17 -4296.63996909
18 -4269.89466454
19 -4294.57122379
1 -4286.44248276
20 -4300.67278716
21 -4283.74479662
22 -4304.57992674
23 -4288.08472463
24 -4310.70970216
25 -4312.10928649
26 -4281.44293111
27 -4309.50231773
28 -4289.92393979
29 -4292.80996523
2 -4265.61748217
30 -4271.29762953
31 -4297.57536130
32 -4295.04590023
33 -4286.86714876
34 -4264.51944500
35 -4276.13295169
36 -4301.91992896
37 -4276.08086754
38 -4299.57961757
39 -4302.80576010
3 -4284.35428268
40 -4279.29611914
41 -4297.53609170
42 -4281.55898790
43 -4307.45234031
44 -4310.54396323
45 -4280.15805720
46 -4311.38400495
47 -4289.39931141
48 -4305.91510220
49 -4292.28300896
4 -4269.09173199
50 -4242.30744942
51 -4246.16910227
52 -4220.44453923
53 -4216.58758211
54 -4227.33268778
55 -4243.78531212
56 -4220.76091966
57 -4304.57971154
58 -4307.65922738
59 -4286.99524905
5 -4284.23702599
60 -4308.77539057
61 -4280.20797052
62 -4306.04808343
63 -4289.83420374
64 -4294.70396665
65 -4299.87604661
66 -4272.88328197
67 -4296.01497604
68 -4288.23409207
69 -4266.37052581
6 -4289.92258696
70 -4277.55886364
71 -4288.13486359
72 -4256.34903217
73 -4284.93822277
74 -4285.03298252
75 -4276.43994988
76 -4261.09914449
77 -4263.92373063
78 -4293.03122891
79 -4297.98457705
7 -4273.78339286
80 -4263.76911035
81 -4296.95684318
82 -4286.45825500
83 -4271.99551202
84 -4274.27460505
85 -4255.22360537
86 -4256.68996441
87 -4230.40716686
88 -4213.88486414
89 -4231.21385370
8 -4235.41699112
90 -4223.10237189
91 -4216.63518267
92 -4212.95686290
93 -4215.23716136
94 -4196.52338158
95 -4182.99693027
96 -4177.90938701
97 -4189.89793537
98 -4185.50505670
99 -4250.14827431
9 -4214.28137620 